000000000000000000000000000000000000000000000000000000000000000000000000000000000000000000000000000000000000000000000000000000000000000000000000000000000000000000000000000000000000000000000000000000000000000000000000000000000000
000000000000000000000000000000000000000000000000000000000000000000000000000000000000000000000000000000000000000000000000000000000000000000000000000000000000000000000000000000000000000000000000000000000000000000000000000000000000
000000000000000000000000000000000000000000000000000000000000000000000000000000000000000000000000000000000000000000000000000000000000000000000000000000000000000000000000000000000000000000000000000000000000000000000000000000000000
000000000000000000000000000000000000000000000000000000000000000000000000000000000000000000000000000000000000000000000000000000000000000000000000000000000000000000000000000000000000000000000000000000000000000000000000000000000000
000000000000000000000000000000000000000000000000000000000000000000000000000000000000000000000000000000000000000000000000000000000000000000000000000000000000000000000000000000000000000000000000000000000000000000000000000000000000
000000000000000000000000000000000000000000000000000000000000000000000000000000000000000000000000000000000000000000000000000000000000000000000000000000000000000000000000000000000000000000000000000000000000000000000000000000000000
000000000000000000000000000000000000000000000000000000000000000000000000000000000000000000000000000000000000000000000000000000000000000000000000000000000000000000000000000000000000000000000000000000000000000000000000000000000000
000000000000000000000000000000000000000000000000000000000000000000000000000000000000000000000000000000000000000000000000000000000000000000000000000000000000000000000000000000000000000000000000000000000000000000000000000000000000
000000000000000000000000000000000000000000000000000000000000000000000000000000000000000000000000000000000000000000000000000000000000000000000000000000000000000000000000000000000000000000000000000000000000000000000000000000000000
000000000000000000000000000000000000000000000000000000000000000000000000000000000000000000000000000000000000000000000000000000000000000000000000000000000000000000000000000000000000000000000000000000000000000000000000000000000000
000000000000000000000000000000000000000000000000000000000000000000000000000000000000000000000000000000000000000000000000000000000000000000000000000000000000000000000000000000000000000000000000000000000000000000000000000000000000
000000000000000000000000000000000000000000000000000000000000000000000000000000000000000000000000000000000000000000000000000000000000000000000000000000000000000000000000000000000000000000000000000000000000000000000000000000000000
000000000000000000000000000000000000000000000000000000000000000000000000000000000000000000000000000000000000000000000000000000000000000000000000000000000000000000000000000000000000000000000000000000000000000000000000000000000000
000000000000000000000000000000000000000000000000000000000000000000000000000000000000000000000000000000000000000000000000000000000000000000000000000000000000000000000000000000000000000000000000000000000000000000000000000000000000
000000000000000000000000000000000000000000000000000000000000000000000000000000000000000000000000000000000000000000000000000000000000000000000000000000000000000000000000000000000000000000000000000000000000000000000000000000000000
000000000000000000000000000000000000000000000000000000000000000000000000000000000000000000000000000000000000000000000000000000000000000000000000000000000000000000000000000000000000000000000000000000000000000000000000000000000000
000000000000000000000000000000000000000000000000000000000000000000000000000000000000000000000000000000000000000000000000000000000000000000000000000000000000000000000000000000000000000000000000000000000000000000000000000000000000
000000000000000000000000000000000000000000000000000000000000000000000000000000000000000000000000000000000000000000000000000000000000000000000000000000000000000000000000000000000000000000000000000000000000000000000000000000000000
000000000000002111111121111111211111112111111121111111211111112111111121111111200000000000000000000000211111112111111121111111200000000000000000000000211111112111111121111111211111112111111121111111211111112111111120000000000000
000000000000001000000000000000000000000000000000000000000000000000000000000000100000000000000000000000100000000000000000000000100000000000000000000000100000000000000000000000000000000000000000000000000000000000000010000000000000
000000000000001000000000000000000000000000000000000000000000000000000000000000100000000000000000000000100000000000000000000000100000000000000000000000100000000000000000000000000000000000000000000000000000000000000010000000000000
000000000000001000000000000000000000000000000000000000000000000000000000000000100000000000000000000000100000000000000000000000100000000000000000000000100000000000000000000000000000000000000000000000000000000000000010000000000000
000000000000001000000000000000000000000000000000000000000000000000000000000000100000000000000000000000100000000000000000000000100000000000000000000000100000000000000000000000000000000000000000000000000000000000000010000000000000
000000000000001000000000000000000000000000000000000000000000000000000000000000100000000000000000000000100000000000000000000000100000000000000000000000100000000000000000000000000000000000000000000000000000000000000010000000000000
000000000000001000000000000000000000000000000000000000000000000000000000000000100000000000000000000000100000000000000000000000100000000000000000000000100000000000000000000000000000000000000000000000000000000000000010000000000000
000000000000001000000000000000000000000000000000000000000000000000000000000000100000000000000000000000100000000000000000000000100000000000000000000000100000000000000000000000000000000000000000000000000000000000000010000000000000
000000000000002000000000000000000000000000000000000000000000000000000000000000200000000000000000000000200000000000000000000000200000000000000000000000200000000000000000000000000000000000000000000000000000000000000020000000000000
000000000000001000000000000000000000000000000000000000000000000000000000000000100000000000000000000000100000000000000000000000100000000000000000000000100000000000000000000000000000000000000000000000000000000000000010000000000000
000000000000001000000000000000000000000000000000000000000000000000000000000000100000000000000000000000100000000000000000000000100000000000000000000000100000000000000000000000000000000000000000000000000000000000000010000000000000
000000000000001000000000000000000000000000000000000000000000000000000000000000100000000000000000000000100000000000000000000000100000000000000000000000100000000000000000000000000000000000000000000000000000000000000010000000000000
000000000000001000000000000000000000000000000000000000000000000000000000000000100000000000000000000000100000000000000000000000100000000000000000000000100000000000000000000000000000000000000000000000000000000000000010000000000000
000000000000001000000000000000000000000000000000000000000000000000000000000000100000000000000000000000100000000000000000000000100000000000000000000000100000000000000000000000000000000000000000000000000000000000000010000000000000
000000000000001000000000000000000000000000000000000000000000000000000000000000100000000000000000000000100000000000000000000000100000000000000000000000100000000000000000000000000000000000000000000000000000000000000010000000000000
000000000000001000000000000000000000000000000000000000000000000000000000000000100000000000000000000000100000000000000000000000100000000000000000000000100000000000000000000000000000000000000000000000000000000000000010000000000000
000000000000003000000000000000000000000000000000000000000000000000000000000000200000000000000000000000200000000000000000000000200000000000000000000000200000000000000000000000000000000000000000000000000000000000000030000000000000
000000000000001000000000000000000000000000000000000000000000000000000000000000100000000000000000000000100000000000000000000000100000000000000000000000100000000000000000000000000000000000000000000000000000000000000010000000000000
000000000000001000000000000000000000000000000000000000000000000000000000000000100000000000000000000000100000000000000000000000100000000000000000000000100000000000000000000000000000000000000000000000000000000000000010000000000000
000000000000001000000000000000000000000000000000000000000000000000000000000000100000000000000000000000100000000000000000000000100000000000000000000000100000000000000000000000000000000000000000000000000000000000000010000000000000
000000000000001000000000000000000000000000000000000000000000000000000000000000100000000000000000000000100000000000000000000000100000000000000000000000100000000000000000000000000000000000000000000000000000000000000010000000000000
000000000000001000000000000000000000000000000000000000000000000000000000000000100000000000000000000000100000000000000000000000100000000000000000000000100000000000000000000000000000000000000000000000000000000000000010000000000000
000000000000001000000000000000000000000000000000000000000000000000000000000000100000000000000000000000100000000000000000000000100000000000000000000000100000000000000000000000000000000000000000000000000000000000000010000000000000
000000000000001000000000000000000000000000000000000000000000000000000000000000100000000000000000000000100000000000000000000000100000000000000000000000100000000000000000000000000000000000000000000000000000000000000010000000000000
000000000000002000000000000000000000002111111121111111211111112111111121111111211111112111111121111111200000000000000000000000211111112111111121111111211111112111111121111111211111112111111120000000000000000000000020000000000000
000000000000001000000000000000000000001000000000000000000000001000000000000000000000000000000000000000100000000000000000000000100000000000000000000000000000000000000010000000000000000000000010000000000000000000000010000000000000
000000000000001000000000000000000000001000000000000000000000001000000000000000000000000000000000000000100000000000000000000000100000000000000000000000000000000000000010000000000000000000000010000000000000000000000010000000000000
000000000000001000000000000000000000001000000000000000000000001000000000000000000000000000000000000000100000000000000000000000100000000000000000000000000000000000000010000000000000000000000010000000000000000000000010000000000000
000000000000001000000000000000000000001000000000000000000000001000000000000000000000000000000000000000100000000000000000000000100000000000000000000000000000000000000010000000000000000000000010000000000000000000000010000000000000
000000000000001000000000000000000000001000000000000000000000001000000000000000000000000000000000000000100000000000000000000000100000000000000000000000000000000000000010000000000000000000000010000000000000000000000010000000000000
000000000000001000000000000000000000001000000000000000000000001000000000000000000000000000000000000000100000000000000000000000100000000000000000000000000000000000000010000000000000000000000010000000000000000000000010000000000000
000000000000001000000000000000000000001000000000000000000000001000000000000000000000000000000000000000100000000000000000000000100000000000000000000000000000000000000010000000000000000000000010000000000000000000000010000000000000
000000000000002000000000000000000000002000000000000000000000002000000000000000000000000000000000000000200000000000000000000000200000000000000000000000000000000000000020000000000000000000000020000000000000000000000020000000000000
000000000000001000000000000000000000001000000000000000000000001000000000000000000000000000000000000000100000000000000000000000100000000000000000000000000000000000000010000000000000000000000010000000000000000000000010000000000000
000000000000001000000000000000000000001000000000000000000000001000000000000000000000000000000000000000100000000000000000000000100000000000000000000000000000000000000010000000000000000000000010000000000000000000000010000000000000
000000000000001000000000000000000000001000000000000000000000001000000000000000000000000000000000000000100000000000000000000000100000000000000000000000000000000000000010000000000000000000000010000000000000000000000010000000000000
000000000000001000000000000000000000001000000000000000000000001000000000000000000000000000000000000000100000000000000000000000100000000000000000000000000000000000000010000000000000000000000010000000000000000000000010000000000000
000000000000001000000000000000000000001000000000000000000000001000000000000000000000000000000000000000100000000000000000000000100000000000000000000000000000000000000010000000000000000000000010000000000000000000000010000000000000
000000000000001000000000000000000000001000000000000000000000001000000000000000000000000000000000000000100000000000000000000000100000000000000000000000000000000000000010000000000000000000000010000000000000000000000010000000000000
000000000000001000000000000000000000001000000000000000000000001000000000000000000000000000000000000000100000000000000000000000100000000000000000000000000000000000000010000000000000000000000010000000000000000000000010000000000000
000000000000002111111121111111211111112000000000000000000000002000000000000000000000000000000000000000200000000000000000000000200000000000000000000000000000000000000020000000000000000000000021111111211111112111111120000000000000
000000000000000000000000000000000000001000000000000000000000001000000000000000000000000000000000000000100000000000000000000000100000000000000000000000000000000000000010000000000000000000000010000000000000000000000000000000000000
000000000000000000000000000000000000001000000000000000000000001000000000000000000000000000000000000000100000000000000000000000100000000000000000000000000000000000000010000000000000000000000010000000000000000000000000000000000000
000000000000000000000000000000000000001000000000000000000000001000000000000000000000000000000000000000100000000000000000000000100000000000000000000000000000000000000010000000000000000000000010000000000000000000000000000000000000
000000000000000000000000000000000000001000000000000000000000001000000000000000000000000000000000000000100000000000000000000000100000000000000000000000000000000000000010000000000000000000000010000000000000000000000000000000000000
000000000000000000000000000000000000001000000000000000000000001000000000000000000000000000000000000000100000000000000000000000100000000000000000000000000000000000000010000000000000000000000010000000000000000000000000000000000000
000000000000000000000000000000000000001000000000000000000000001000000000000000000000000000000000000000100000000000000000000000100000000000000000000000000000000000000010000000000000000000000010000000000000000000000000000000000000
000000000000000000000000000000000000001000000000000000000000001000000000000000000000000000000000000000100000000000000000000000100000000000000000000000000000000000000010000000000000000000000010000000000000000000000000000000000000
000000000000000000000000000000000000002000000000000000000000002000000000000000000000000000000000000000200000000000000000000000200000000000000000000000000000000000000020000000000000000000000020000000000000000000000000000000000000
000000000000000000000000000000000000001000000000000000000000001000000000000000000000000000000000000000100000000000000000000000100000000000000000000000000000000000000010000000000000000000000010000000000000000000000000000000000000
000000000000000000000000000000000000001000000000000000000000001000000000000000000000000000000000000000100000000000000000000000100000000000000000000000000000000000000010000000000000000000000010000000000000000000000000000000000000
000000000000000000000000000000000000001000000000000000000000001000000000000000000000000000000000000000100000000000000000000000100000000000000000000000000000000000000010000000000000000000000010000000000000000000000000000000000000
000000000000000000000000000000000000001000000000000000000000001000000000000000000000000000000000000000100000000000000000000000100000000000000000000000000000000000000010000000000000000000000010000000000000000000000000000000000000
000000000000000000000000000000000000001000000000000000000000001000000000000000000000000000000000000000100000000000000000000000100000000000000000000000000000000000000010000000000000000000000010000000000000000000000000000000000000
000000000000000000000000000000000000001000000000000000000000001000000000000000000000000000000000000000100000000000000000000000100000000000000000000000000000000000000010000000000000000000000010000000000000000000000000000000000000
000000000000000000000000000000000000001000000000000000000000001000000000000000000000000000000000000000100000000000000000000000100000000000000000000000000000000000000010000000000000000000000010000000000000000000000000000000000000
000000000000000000000000000000000000002000000000000000000000002111111121111111211111112111111121111111211111112111111121111111211111112111111121111111211111112111111120000000000000000000000020000000000000000000000000000000000000
000000000000000000000000000000000000001000000000000000000000000000000000000000100000000000000000000000000000000000000000000000000000000000000000000000100000000000000000000000000000000000000010000000000000000000000000000000000000
000000000000000000000000000000000000001000000000000000000000000000000000000000100000000000000000000000000000000000000000000000000000000000000000000000100000000000000000000000000000000000000010000000000000000000000000000000000000
000000000000000000000000000000000000001000000000000000000000000000000000000000100000000000000000000000000000000000000000000000000000000000000000000000100000000000000000000000000000000000000010000000000000000000000000000000000000
000000000000000000000000000000000000001000000000000000000000000000000000000000100000000000000000000000000000000000000000000000000000000000000000000000100000000000000000000000000000000000000010000000000000000000000000000000000000
000000000000000000000000000000000000001000000000000000000000000000000000000000100000000000000000000000000000000000000000000000000000000000000000000000100000000000000000000000000000000000000010000000000000000000000000000000000000
000000000000000000000000000000000000001000000000000000000000000000000000000000100000000000000000000000000000000000000000000000000000000000000000000000100000000000000000000000000000000000000010000000000000000000000000000000000000
000000000000000000000000000000000000001000000000000000000000000000000000000000100000000000000000000000000000000000000000000000000000000000000000000000100000000000000000000000000000000000000010000000000000000000000000000000000000
111111211111112111111121111111211111112000000000000000000000000000000000000000200000000000000000000000000000000000000000000000000000000000000000000000200000000000000000000000000000000000000021111111211111112111111121111111211111
000000000000001000000000000000000000001000000000000000000000000000000000000000100000000000000000000000000000000000000000000000000000000000000000000000100000000000000000000000000000000000000010000000000000000000000010000000000000
000000000000001000000000000000000000001000000000000000000000000000000000000000100000000000000000000000000000000000000000000000000000000000000000000000100000000000000000000000000000000000000010000000000000000000000010000000000000
000000000000001000000000000000000000001000000000000000000000000000000000000000100000000000000000000000000000000000000000000000000000000000000000000000100000000000000000000000000000000000000010000000000000000000000010000000000000
000000000000001000000000000000000000001000000000000000000000000000000000000000100000000000000000000000000000000000000000000000000000000000000000000000100000000000000000000000000000000000000010000000000000000000000010000000000000
000000000000001000000000000000000000001000000000000000000000000000000000000000100000000000000000000000000000000000000000000000000000000000000000000000100000000000000000000000000000000000000010000000000000000000000010000000000000
000000000000001000000000000000000000001000000000000000000000000000000000000000100000000000000000000000000000000000000000000000000000000000000000000000100000000000000000000000000000000000000010000000000000000000000010000000000000
000000000000001000000000000000000000001000000000000000000000000000000000000000100000000000000000000000000000000000000000000000000000000000000000000000100000000000000000000000000000000000000010000000000000000000000010000000000000
000000000000002000000000000000000000002000000000000000000000000000000000000000200000000000000000000000000000000000000000000000000000000000000000000000200000000000000000000000000000000000000020000000000000000000000020000000000000
000000000000001000000000000000000000001000000000000000000000000000000000000000100000000000000000000000000000000000000000000000000000000000000000000000100000000000000000000000000000000000000010000000000000000000000010000000000000
000000000000001000000000000000000000001000000000000000000000000000000000000000100000000000000000000000000000000000000000000000000000000000000000000000100000000000000000000000000000000000000010000000000000000000000010000000000000
000000000000001000000000000000000000001000000000000000000000000000000000000000100000000000000000000000000000000000000000000000000000000000000000000000100000000000000000000000000000000000000010000000000000000000000010000000000000
000000000000001000000000000000000000001000000000000000000000000000000000000000100000000000000000000000000000000000000000000000000000000000000000000000100000000000000000000000000000000000000010000000000000000000000010000000000000
000000000000001000000000000000000000001000000000000000000000000000000000000000100000000000000000000000000000000000000000000000000000000000000000000000100000000000000000000000000000000000000010000000000000000000000010000000000000
000000000000001000000000000000000000001000000000000000000000000000000000000000100000000000000000000000000000000000000000000000000000000000000000000000100000000000000000000000000000000000000010000000000000000000000010000000000000
000000000000001000000000000000000000001000000000000000000000000000000000000000100000000000000000000000000000000000000000000000000000000000000000000000100000000000000000000000000000000000000010000000000000000000000010000000000000
000000000000002000000000000000000000002111111121111111211111112111111121111111211111112111111121111111211111112111411121111111211111112111111121111111211111112111111121111111211111112111111120000000000000000000000020000000000000
000000000000001000000000000000000000000000000000000000100000000000000000000000100000000000000000000000000000000000100000000000000000000000000000000000100000000000000000000000100000000000000000000000000000000000000010000000000000
000000000000001000000000000000000000000000000000000000100000000000000000000000100000000000000000000000000000000000100000000000000000000000000000000000100000000000000000000000100000000000000000000000000000000000000010000000000000
000000000000001000000000000000000000000000000000000000100000000000000000000000100000000000000000000000000000000000100000000000000000000000000000000000100000000000000000000000100000000000000000000000000000000000000010000000000000
000000000000001000000000000000000000000000000000000000100000000000000000000000100000000000000000000000000000000000100000000000000000000000000000000000100000000000000000000000100000000000000000000000000000000000000010000000000000
000000000000001000000000000000000000000000000000000000100000000000000000000000100000000000000000000000000000000000100000000000000000000000000000000000100000000000000000000000100000000000000000000000000000000000000010000000000000
000000000000001000000000000000000000000000000000000000100000000000000000000000100000000000000000000000000000000000100000000000000000000000000000000000100000000000000000000000100000000000000000000000000000000000000010000000000000
000000000000001000000000000000000000000000000000000000100000000000000000000000100000000000000000000000000000000000100000000000000000000000000000000000100000000000000000000000100000000000000000000000000000000000000010000000000000
000000000000002000000000000000000000000000000000000000200000000000000000000000200000000000000000000000000000000000100000000000000000000000000000000000200000000000000000000000200000000000000000000000000000000000000020000000000000
000000000000001000000000000000000000000000000000000000100000000000000000000000100000000000000000000000000000000000100000000000000000000000000000000000100000000000000000000000100000000000000000000000000000000000000010000000000000
000000000000001000000000000000000000000000000000000000100000000000000000000000100000000000000000000000000000000000100000000000000000000000000000000000100000000000000000000000100000000000000000000000000000000000000010000000000000
000000000000001000000000000000000000000000000000000000100000000000000000000000100000000000000000000000000000000000100000000000000000000000000000000000100000000000000000000000100000000000000000000000000000000000000010000000000000
000000000000001000000000000000000000000000000000000000100000000000000000000000100000000000000000000000000000000000100000000000000000000000000000000000100000000000000000000000100000000000000000000000000000000000000010000000000000
000000000000001000000000000000000000000000000000000000100000000000000000000000100000000000000000000000000000000000100000000000000000000000000000000000100000000000000000000000100000000000000000000000000000000000000010000000000000
000000000000001000000000000000000000000000000000000000100000000000000000000000100000000000000000000000000000000000100000000000000000000000000000000000100000000000000000000000100000000000000000000000000000000000000010000000000000
000000000000001000000000000000000000000000000000000000100000000000000000000000100000000000000000000000000000000000100000000000000000000000000000000000100000000000000000000000100000000000000000000000000000000000000010000000000000
000000000000002000000000000000000000000000000000000000200000000000000000000000200000000000000001112111111121111111211111112111111121110000000000000000200000000000000000000000200000000000000000000000000000000000000020000000000000
000000000000001000000000000000000000000000000000000000100000000000000000000000100000000000000001000000000000000000100000000000000000010000000000000000100000000000000000000000100000000000000000000000000000000000000010000000000000
000000000000001000000000000000000000000000000000000000100000000000000000000000100000000000000001000000000000000000100000000000000000010000000000000000100000000000000000000000100000000000000000000000000000000000000010000000000000
000000000000001000000000000000000000000000000000000000100000000000000000000000100000000000000001000000000000000000100000000000000000010000000000000000100000000000000000000000100000000000000000000000000000000000000010000000000000
000000000000001000000000000000000000000000000000000000100000000000000000000000100000000000000001000000000000000000100000000000000000010000000000000000100000000000000000000000100000000000000000000000000000000000000010000000000000
000000000000001000000000000000000000000000000000000000100000000000000000000000100000000000000001000000000000000000100000000000000000010000000000000000100000000000000000000000100000000000000000000000000000000000000010000000000000
000000000000001000000000000000000000000000000000000000100000000000000000000000100000000000000001000000000000000000100000000000000000010000000000000000100000000000000000000000100000000000000000000000000000000000000010000000000000
000000000000001000000000000000000000000000000000000000100000000000000000000000100000000000000001000000000000000000100000000000000000010000000000000000100000000000000000000000100000000000000000000000000000000000000010000000000000
000000000000002111111121111111211111112111111121111111200000000000000000000000200000000000000002000000000000000000200000000000000000020000000000000000200000000000000000000000211111112111111121111111211111112111111120000000000000
000000000000001000000000000000000000001000000000000000000000000000000000000000100000000000000001000000000000000000100000000000000000010000000000000000100000000000000000000000000000000000000010000000000000000000000010000000000000
000000000000001000000000000000000000001000000000000000000000000000000000000000100000000000000001000000000000000000100000000000000000010000000000000000100000000000000000000000000000000000000010000000000000000000000010000000000000
000000000000001000000000000000000000001000000000000000000000000000000000000000100000000000000001000000000000000000100000000000000000010000000000000000100000000000000000000000000000000000000010000000000000000000000010000000000000
000000000000001000000000000000000000001000000000000000000000000000000000000000100000000000000001000000000000000000100000000000000000010000000000000000100000000000000000000000000000000000000010000000000000000000000010000000000000
000000000000001000000000000000000000001000000000000000000000000000000000000000100000000000000001000000000000000000100000000000000000010000000000000000100000000000000000000000000000000000000010000000000000000000000010000000000000
000000000000001000000000000000000000001000000000000000000000000000000000000000100000000000000001000000000000000000100000000000000000010000000000000000100000000000000000000000000000000000000010000000000000000000000010000000000000
000000000000001000000000000000000000001000000000000000000000000000000000000000100000000000000001000000000000000000100000000000000000010000000000000000100000000000000000000000000000000000000010000000000000000000000010000000000000
000000000000002000000000000000000000002000000000000000000000000000000000000000200000000000000001112111111121111111211111112111111121110000000000000000200000000000000000000000000000000000000020000000000000000000000020000000000000
000000000000001000000000000000000000001000000000000000000000000000000000000000100000000000000000000000000000000000000000000000000000000000000000000000100000000000000000000000000000000000000010000000000000000000000010000000000000
000000000000001000000000000000000000001000000000000000000000000000000000000000100000000000000000000000000000000000000000000000000000000000000000000000100000000000000000000000000000000000000010000000000000000000000010000000000000
000000000000001000000000000000000000001000000000000000000000000000000000000000100000000000000000000000000000000000000000000000000000000000000000000000100000000000000000000000000000000000000010000000000000000000000010000000000000
000000000000001000000000000000000000001000000000000000000000000000000000000000100000000000000000000000000000000000000000000000000000000000000000000000100000000000000000000000000000000000000010000000000000000000000010000000000000
000000000000001000000000000000000000001000000000000000000000000000000000000000100000000000000000000000000000000000000000000000000000000000000000000000100000000000000000000000000000000000000010000000000000000000000010000000000000
000000000000001000000000000000000000001000000000000000000000000000000000000000100000000000000000000000000000000000000000000000000000000000000000000000100000000000000000000000000000000000000010000000000000000000000010000000000000
000000000000001000000000000000000000001000000000000000000000000000000000000000100000000000000000000000000000000000000000000000000000000000000000000000100000000000000000000000000000000000000010000000000000000000000010000000000000
000000000000002000000000000000000000002000000000000000000000000000000000000000200000000000000000000000000000000000000000000000000000000000000000000000200000000000000000000000000000000000000020000000000000000000000020000000000000
000000000000001000000000000000000000001000000000000000000000000000000000000000100000000000000000000000000000000000000000000000000000000000000000000000100000000000000000000000000000000000000010000000000000000000000010000000000000
000000000000001000000000000000000000001000000000000000000000000000000000000000100000000000000000000000000000000000000000000000000000000000000000000000100000000000000000000000000000000000000010000000000000000000000010000000000000
000000000000001000000000000000000000001000000000000000000000000000000000000000100000000000000000000000000000000000000000000000000000000000000000000000100000000000000000000000000000000000000010000000000000000000000010000000000000
000000000000001000000000000000000000001000000000000000000000000000000000000000100000000000000000000000000000000000000000000000000000000000000000000000100000000000000000000000000000000000000010000000000000000000000010000000000000
000000000000001000000000000000000000001000000000000000000000000000000000000000100000000000000000000000000000000000000000000000000000000000000000000000100000000000000000000000000000000000000010000000000000000000000010000000000000
000000000000001000000000000000000000001000000000000000000000000000000000000000100000000000000000000000000000000000000000000000000000000000000000000000100000000000000000000000000000000000000010000000000000000000000010000000000000
000000000000001000000000000000000000001000000000000000000000000000000000000000100000000000000000000000000000000000000000000000000000000000000000000000100000000000000000000000000000000000000010000000000000000000000010000000000000
000000000000002000000000000000000000002111111121111111211111112111111121111111211111112111111121111111211111112111111121111111211111112111111121111111211111112111111121111111211111112111111120000000000000000000000020000000000000
000000000000001000000000000000000000000000000000000000100000000000000000000000000000000000000000000000100000000000000000000000100000000000000000000000000000000000000000000000100000000000000000000000000000000000000010000000000000
000000000000001000000000000000000000000000000000000000100000000000000000000000000000000000000000000000100000000000000000000000100000000000000000000000000000000000000000000000100000000000000000000000000000000000000010000000000000
000000000000001000000000000000000000000000000000000000100000000000000000000000000000000000000000000000100000000000000000000000100000000000000000000000000000000000000000000000100000000000000000000000000000000000000010000000000000
000000000000001000000000000000000000000000000000000000100000000000000000000000000000000000000000000000100000000000000000000000100000000000000000000000000000000000000000000000100000000000000000000000000000000000000010000000000000
000000000000001000000000000000000000000000000000000000100000000000000000000000000000000000000000000000100000000000000000000000100000000000000000000000000000000000000000000000100000000000000000000000000000000000000010000000000000
000000000000001000000000000000000000000000000000000000100000000000000000000000000000000000000000000000100000000000000000000000100000000000000000000000000000000000000000000000100000000000000000000000000000000000000010000000000000
000000000000001000000000000000000000000000000000000000100000000000000000000000000000000000000000000000100000000000000000000000100000000000000000000000000000000000000000000000100000000000000000000000000000000000000010000000000000
000000000000002000000000000000000000000000000000000000200000000000000000000000000000000000000000000000200000000000000000000000200000000000000000000000000000000000000000000000200000000000000000000000000000000000000020000000000000
000000000000001000000000000000000000000000000000000000100000000000000000000000000000000000000000000000100000000000000000000000100000000000000000000000000000000000000000000000100000000000000000000000000000000000000010000000000000
000000000000001000000000000000000000000000000000000000100000000000000000000000000000000000000000000000100000000000000000000000100000000000000000000000000000000000000000000000100000000000000000000000000000000000000010000000000000
000000000000001000000000000000000000000000000000000000100000000000000000000000000000000000000000000000100000000000000000000000100000000000000000000000000000000000000000000000100000000000000000000000000000000000000010000000000000
000000000000001000000000000000000000000000000000000000100000000000000000000000000000000000000000000000100000000000000000000000100000000000000000000000000000000000000000000000100000000000000000000000000000000000000010000000000000
000000000000001000000000000000000000000000000000000000100000000000000000000000000000000000000000000000100000000000000000000000100000000000000000000000000000000000000000000000100000000000000000000000000000000000000010000000000000
000000000000001000000000000000000000000000000000000000100000000000000000000000000000000000000000000000100000000000000000000000100000000000000000000000000000000000000000000000100000000000000000000000000000000000000010000000000000
000000000000001000000000000000000000000000000000000000100000000000000000000000000000000000000000000000100000000000000000000000100000000000000000000000000000000000000000000000100000000000000000000000000000000000000010000000000000
000000000000002000000000000000000000000000000000000000200000000000000000000000000000000000000000000000200000000000000000000000200000000000000000000000000000000000000000000000200000000000000000000000000000000000000020000000000000
000000000000001000000000000000000000000000000000000000100000000000000000000000000000000000000000000000100000000000000000000000100000000000000000000000000000000000000000000000100000000000000000000000000000000000000010000000000000
000000000000001000000000000000000000000000000000000000100000000000000000000000000000000000000000000000100000000000000000000000100000000000000000000000000000000000000000000000100000000000000000000000000000000000000010000000000000
000000000000001000000000000000000000000000000000000000100000000000000000000000000000000000000000000000100000000000000000000000100000000000000000000000000000000000000000000000100000000000000000000000000000000000000010000000000000
000000000000001000000000000000000000000000000000000000100000000000000000000000000000000000000000000000100000000000000000000000100000000000000000000000000000000000000000000000100000000000000000000000000000000000000010000000000000
000000000000001000000000000000000000000000000000000000100000000000000000000000000000000000000000000000100000000000000000000000100000000000000000000000000000000000000000000000100000000000000000000000000000000000000010000000000000
000000000000001000000000000000000000000000000000000000100000000000000000000000000000000000000000000000100000000000000000000000100000000000000000000000000000000000000000000000100000000000000000000000000000000000000010000000000000
000000000000001000000000000000000000000000000000000000100000000000000000000000000000000000000000000000100000000000000000000000100000000000000000000000000000000000000000000000100000000000000000000000000000000000000010000000000000
000000000000002111111121111111211111112111111121111111200000000000000000000000211111112111111121111111200000000000000000000000211111112111111121111111200000000000000000000000211111112111111121111111211111112111111120000000000000
000000000000000000000000000000100000000000000000000000100000000000000000000000100000000000000000000000000000000000000000000000000000000000000000000000100000000000000000000000100000000000000000000000100000000000000000000000000000
000000000000000000000000000000100000000000000000000000100000000000000000000000100000000000000000000000000000000000000000000000000000000000000000000000100000000000000000000000100000000000000000000000100000000000000000000000000000
000000000000000000000000000000100000000000000000000000100000000000000000000000100000000000000000000000000000000000000000000000000000000000000000000000100000000000000000000000100000000000000000000000100000000000000000000000000000
000000000000000000000000000000100000000000000000000000100000000000000000000000100000000000000000000000000000000000000000000000000000000000000000000000100000000000000000000000100000000000000000000000100000000000000000000000000000
000000000000000000000000000000100000000000000000000000100000000000000000000000100000000000000000000000000000000000000000000000000000000000000000000000100000000000000000000000100000000000000000000000100000000000000000000000000000
000000000000000000000000000000100000000000000000000000100000000000000000000000100000000000000000000000000000000000000000000000000000000000000000000000100000000000000000000000100000000000000000000000100000000000000000000000000000
000000000000000000000000000000100000000000000000000000100000000000000000000000100000000000000000000000000000000000000000000000000000000000000000000000100000000000000000000000100000000000000000000000100000000000000000000000000000
000000000000000000000000000000200000000000000000000000200000000000000000000000200000000000000000000000000000000000000000000000000000000000000000000000200000000000000000000000200000000000000000000000200000000000000000000000000000
000000000000000000000000000000100000000000000000000000100000000000000000000000100000000000000000000000000000000000000000000000000000000000000000000000100000000000000000000000100000000000000000000000100000000000000000000000000000
000000000000000000000000000000100000000000000000000000100000000000000000000000100000000000000000000000000000000000000000000000000000000000000000000000100000000000000000000000100000000000000000000000100000000000000000000000000000
000000000000000000000000000000100000000000000000000000100000000000000000000000100000000000000000000000000000000000000000000000000000000000000000000000100000000000000000000000100000000000000000000000100000000000000000000000000000
000000000000000000000000000000100000000000000000000000100000000000000000000000100000000000000000000000000000000000000000000000000000000000000000000000100000000000000000000000100000000000000000000000100000000000000000000000000000
000000000000000000000000000000100000000000000000000000100000000000000000000000100000000000000000000000000000000000000000000000000000000000000000000000100000000000000000000000100000000000000000000000100000000000000000000000000000
000000000000000000000000000000100000000000000000000000100000000000000000000000100000000000000000000000000000000000000000000000000000000000000000000000100000000000000000000000100000000000000000000000100000000000000000000000000000
000000000000000000000000000000100000000000000000000000100000000000000000000000100000000000000000000000000000000000000000000000000000000000000000000000100000000000000000000000100000000000000000000000100000000000000000000000000000
000000000000000000000000000000200000000000000000000000200000000000000000000000200000000000000000000000000000000000000000000000000000000000000000000000200000000000000000000000200000000000000000000000200000000000000000000000000000
000000000000000000000000000000100000000000000000000000100000000000000000000000100000000000000000000000000000000000000000000000000000000000000000000000100000000000000000000000100000000000000000000000100000000000000000000000000000
000000000000000000000000000000100000000000000000000000100000000000000000000000100000000000000000000000000000000000000000000000000000000000000000000000100000000000000000000000100000000000000000000000100000000000000000000000000000
000000000000000000000000000000100000000000000000000000100000000000000000000000100000000000000000000000000000000000000000000000000000000000000000000000100000000000000000000000100000000000000000000000100000000000000000000000000000
000000000000000000000000000000100000000000000000000000100000000000000000000000100000000000000000000000000000000000000000000000000000000000000000000000100000000000000000000000100000000000000000000000100000000000000000000000000000
000000000000000000000000000000100000000000000000000000100000000000000000000000100000000000000000000000000000000000000000000000000000000000000000000000100000000000000000000000100000000000000000000000100000000000000000000000000000
000000000000000000000000000000100000000000000000000000100000000000000000000000100000000000000000000000000000000000000000000000000000000000000000000000100000000000000000000000100000000000000000000000100000000000000000000000000000
000000000000000000000000000000100000000000000000000000100000000000000000000000100000000000000000000000000000000000000000000000000000000000000000000000100000000000000000000000100000000000000000000000100000000000000000000000000000
000000000000003111111121111111200000000000000000000000211111112111111121111111211111112111111121111111211111112111511121111111211111112111111121111111211111112111111121111111200000000000000000000000211111112111111130000000000000
000000000000001000000000000000000000000000000000000000100000000000000000000000000000000000000000000000100000000000000000000000100000000000000000000000000000000000000000000000100000000000000000000000000000000000000010000000000000
000000000000001000000000000000000000000000000000000000100000000000000000000000000000000000000000000000100000000000000000000000100000000000000000000000000000000000000000000000100000000000000000000000000000000000000010000000000000
000000000000001000000000000000000000000000000000000000100000000000000000000000000000000000000000000000100000000000000000000000100000000000000000000000000000000000000000000000100000000000000000000000000000000000000010000000000000
000000000000001000000000000000000000000000000000000000100000000000000000000000000000000000000000000000100000000000000000000000100000000000000000000000000000000000000000000000100000000000000000000000000000000000000010000000000000
000000000000001000000000000000000000000000000000000000100000000000000000000000000000000000000000000000100000000000000000000000100000000000000000000000000000000000000000000000100000000000000000000000000000000000000010000000000000
000000000000001000000000000000000000000000000000000000100000000000000000000000000000000000000000000000100000000000000000000000100000000000000000000000000000000000000000000000100000000000000000000000000000000000000010000000000000
000000000000001000000000000000000000000000000000000000100000000000000000000000000000000000000000000000100000000000000000000000100000000000000000000000000000000000000000000000100000000000000000000000000000000000000010000000000000
000000000000002000000000000000000000000000000000000000200000000000000000000000000000000000000000000000200000000000000000000000200000000000000000000000000000000000000000000000200000000000000000000000000000000000000020000000000000
000000000000001000000000000000000000000000000000000000100000000000000000000000000000000000000000000000100000000000000000000000100000000000000000000000000000000000000000000000100000000000000000000000000000000000000010000000000000
000000000000001000000000000000000000000000000000000000100000000000000000000000000000000000000000000000100000000000000000000000100000000000000000000000000000000000000000000000100000000000000000000000000000000000000010000000000000
000000000000001000000000000000000000000000000000000000100000000000000000000000000000000000000000000000100000000000000000000000100000000000000000000000000000000000000000000000100000000000000000000000000000000000000010000000000000
000000000000001000000000000000000000000000000000000000100000000000000000000000000000000000000000000000100000000000000000000000100000000000000000000000000000000000000000000000100000000000000000000000000000000000000010000000000000
000000000000001000000000000000000000000000000000000000100000000000000000000000000000000000000000000000100000000000000000000000100000000000000000000000000000000000000000000000100000000000000000000000000000000000000010000000000000
000000000000001000000000000000000000000000000000000000100000000000000000000000000000000000000000000000100000000000000000000000100000000000000000000000000000000000000000000000100000000000000000000000000000000000000010000000000000
000000000000001000000000000000000000000000000000000000100000000000000000000000000000000000000000000000100000000000000000000000100000000000000000000000000000000000000000000000100000000000000000000000000000000000000010000000000000
000000000000002000000000000000000000000000000000000000200000000000000000000000000000000000000000000000200000000000000000000000200000000000000000000000000000000000000000000000200000000000000000000000000000000000000020000000000000
000000000000001000000000000000000000000000000000000000100000000000000000000000000000000000000000000000100000000000000000000000100000000000000000000000000000000000000000000000100000000000000000000000000000000000000010000000000000
000000000000001000000000000000000000000000000000000000100000000000000000000000000000000000000000000000100000000000000000000000100000000000000000000000000000000000000000000000100000000000000000000000000000000000000010000000000000
000000000000001000000000000000000000000000000000000000100000000000000000000000000000000000000000000000100000000000000000000000100000000000000000000000000000000000000000000000100000000000000000000000000000000000000010000000000000
000000000000001000000000000000000000000000000000000000100000000000000000000000000000000000000000000000100000000000000000000000100000000000000000000000000000000000000000000000100000000000000000000000000000000000000010000000000000
000000000000001000000000000000000000000000000000000000100000000000000000000000000000000000000000000000100000000000000000000000100000000000000000000000000000000000000000000000100000000000000000000000000000000000000010000000000000
000000000000001000000000000000000000000000000000000000100000000000000000000000000000000000000000000000100000000000000000000000100000000000000000000000000000000000000000000000100000000000000000000000000000000000000010000000000000
000000000000001000000000000000000000000000000000000000100000000000000000000000000000000000000000000000100000000000000000000000100000000000000000000000000000000000000000000000100000000000000000000000000000000000000010000000000000
000000000000002111111121111111211111112111111121111111200000000000000000000000211111112111111121111111200000000000000000000000211111112111111121111111200000000000000000000000211111112111111121111111211111112111111120000000000000
000000000000001000000000000000000000000000000000000000100000000000000000000000100000000000000000000000000000000000000000000000000000000000000000000000100000000000000000000000100000000000000000000000000000000000000010000000000000
000000000000001000000000000000000000000000000000000000100000000000000000000000100000000000000000000000000000000000000000000000000000000000000000000000100000000000000000000000100000000000000000000000000000000000000010000000000000
000000000000001000000000000000000000000000000000000000100000000000000000000000100000000000000000000000000000000000000000000000000000000000000000000000100000000000000000000000100000000000000000000000000000000000000010000000000000
000000000000001000000000000000000000000000000000000000100000000000000000000000100000000000000000000000000000000000000000000000000000000000000000000000100000000000000000000000100000000000000000000000000000000000000010000000000000
000000000000001000000000000000000000000000000000000000100000000000000000000000100000000000000000000000000000000000000000000000000000000000000000000000100000000000000000000000100000000000000000000000000000000000000010000000000000
000000000000001000000000000000000000000000000000000000100000000000000000000000100000000000000000000000000000000000000000000000000000000000000000000000100000000000000000000000100000000000000000000000000000000000000010000000000000
000000000000001000000000000000000000000000000000000000100000000000000000000000100000000000000000000000000000000000000000000000000000000000000000000000100000000000000000000000100000000000000000000000000000000000000010000000000000
000000000000002000000000000000000000000000000000000000200000000000000000000000200000000000000000000000000000000000000000000000000000000000000000000000200000000000000000000000200000000000000000000000000000000000000020000000000000
000000000000001000000000000000000000000000000000000000100000000000000000000000100000000000000000000000000000000000000000000000000000000000000000000000100000000000000000000000100000000000000000000000000000000000000010000000000000
000000000000001000000000000000000000000000000000000000100000000000000000000000100000000000000000000000000000000000000000000000000000000000000000000000100000000000000000000000100000000000000000000000000000000000000010000000000000
000000000000001000000000000000000000000000000000000000100000000000000000000000100000000000000000000000000000000000000000000000000000000000000000000000100000000000000000000000100000000000000000000000000000000000000010000000000000
000000000000001000000000000000000000000000000000000000100000000000000000000000100000000000000000000000000000000000000000000000000000000000000000000000100000000000000000000000100000000000000000000000000000000000000010000000000000
000000000000001000000000000000000000000000000000000000100000000000000000000000100000000000000000000000000000000000000000000000000000000000000000000000100000000000000000000000100000000000000000000000000000000000000010000000000000
000000000000001000000000000000000000000000000000000000100000000000000000000000100000000000000000000000000000000000000000000000000000000000000000000000100000000000000000000000100000000000000000000000000000000000000010000000000000
000000000000001000000000000000000000000000000000000000100000000000000000000000100000000000000000000000000000000000000000000000000000000000000000000000100000000000000000000000100000000000000000000000000000000000000010000000000000
000000000000002000000000000000000000000000000000000000200000000000000000000000200000000000000000000000000000000000000000000000000000000000000000000000200000000000000000000000200000000000000000000000000000000000000020000000000000
000000000000001000000000000000000000000000000000000000100000000000000000000000100000000000000000000000000000000000000000000000000000000000000000000000100000000000000000000000100000000000000000000000000000000000000010000000000000
000000000000001000000000000000000000000000000000000000100000000000000000000000100000000000000000000000000000000000000000000000000000000000000000000000100000000000000000000000100000000000000000000000000000000000000010000000000000
000000000000001000000000000000000000000000000000000000100000000000000000000000100000000000000000000000000000000000000000000000000000000000000000000000100000000000000000000000100000000000000000000000000000000000000010000000000000
000000000000001000000000000000000000000000000000000000100000000000000000000000100000000000000000000000000000000000000000000000000000000000000000000000100000000000000000000000100000000000000000000000000000000000000010000000000000
000000000000001000000000000000000000000000000000000000100000000000000000000000100000000000000000000000000000000000000000000000000000000000000000000000100000000000000000000000100000000000000000000000000000000000000010000000000000
000000000000001000000000000000000000000000000000000000100000000000000000000000100000000000000000000000000000000000000000000000000000000000000000000000100000000000000000000000100000000000000000000000000000000000000010000000000000
000000000000001000000000000000000000000000000000000000100000000000000000000000100000000000000000000000000000000000000000000000000000000000000000000000100000000000000000000000100000000000000000000000000000000000000010000000000000
000000000000002111111121111111211111112111111121111111200000000000000000000000211111112111111121111111211111112111111121111111211111112111111121111111200000000000000000000000211111112111111121111111211111112111111120000000000000
000000000000000000000000000000000000000000000000000000000000000000000000000000000000000000000000000000000000000000000000000000000000000000000000000000000000000000000000000000000000000000000000000000000000000000000000000000000000
000000000000000000000000000000000000000000000000000000000000000000000000000000000000000000000000000000000000000000000000000000000000000000000000000000000000000000000000000000000000000000000000000000000000000000000000000000000000
000000000000000000000000000000000000000000000000000000000000000000000000000000000000000000000000000000000000000000000000000000000000000000000000000000000000000000000000000000000000000000000000000000000000000000000000000000000000
000000000000000000000000000000000000000000000000000000000000000000000000000000000000000000000000000000000000000000000000000000000000000000000000000000000000000000000000000000000000000000000000000000000000000000000000000000000000
000000000000000000000000000000000000000000000000000000000000000000000000000000000000000000000000000000000000000000000000000000000000000000000000000000000000000000000000000000000000000000000000000000000000000000000000000000000000
000000000000000000000000000000000000000000000000000000000000000000000000000000000000000000000000000000000000000000000000000000000000000000000000000000000000000000000000000000000000000000000000000000000000000000000000000000000000
000000000000000000000000000000000000000000000000000000000000000000000000000000000000000000000000000000000000000000000000000000000000000000000000000000000000000000000000000000000000000000000000000000000000000000000000000000000000
000000000000000000000000000000000000000000000000000000000000000000000000000000000000000000000000000000000000000000000000000000000000000000000000000000000000000000000000000000000000000000000000000000000000000000000000000000000000
000000000000000000000000000000000000000000000000000000000000000000000000000000000000000000000000000000000000000000000000000000000000000000000000000000000000000000000000000000000000000000000000000000000000000000000000000000000000
000000000000000000000000000000000000000000000000000000000000000000000000000000000000000000000000000000000000000000000000000000000000000000000000000000000000000000000000000000000000000000000000000000000000000000000000000000000000
000000000000000000000000000000000000000000000000000000000000000000000000000000000000000000000000000000000000000000000000000000000000000000000000000000000000000000000000000000000000000000000000000000000000000000000000000000000000
000000000000000000000000000000000000000000000000000000000000000000000000000000000000000000000000000000000000000000000000000000000000000000000000000000000000000000000000000000000000000000000000000000000000000000000000000000000000
000000000000000000000000000000000000000000000000000000000000000000000000000000000000000000000000000000000000000000000000000000000000000000000000000000000000000000000000000000000000000000000000000000000000000000000000000000000000
000000000000000000000000000000000000000000000000000000000000000000000000000000000000000000000000000000000000000000000000000000000000000000000000000000000000000000000000000000000000000000000000000000000000000000000000000000000000
000000000000000000000000000000000000000000000000000000000000000000000000000000000000000000000000000000000000000000000000000000000000000000000000000000000000000000000000000000000000000000000000000000000000000000000000000000000000
000000000000000000000000000000000000000000000000000000000000000000000000000000000000000000000000000000000000000000000000000000000000000000000000000000000000000000000000000000000000000000000000000000000000000000000000000000000000
000000000000000000000000000000000000000000000000000000000000000000000000000000000000000000000000000000000000000000000000000000000000000000000000000000000000000000000000000000000000000000000000000000000000000000000000000000000000
